# やること
1. スコア差特徴量の作成において，不定を排除
2. スクレイピングの再実施
3. resultをround(14)

# やること２
append_colのランク系の不定を排除
平均ペースなどの計算方法修正

##################################################################################

            レースID  馬番         pred_score
1    202506030809   8 0.0436866792391401
14   202506030810  15 0.0358651784764386
35   202506030811  10 0.0366757373489122
49   202506030812   3  0.038070373002054
66   202506040101   5 0.0366757373489122
70   202506040102   3 0.0436866792391401
88   202506040103   1 0.0436866792391401
90   202506040104  14 0.0231504483579851
104  202506040107   8 0.0307466153397301
122  202506040108   2 0.0334751145763137
131  202506040109   8 0.0263564059633982
141  202506040110   7 0.0308915608396105
149  202506040111   7 0.0328974035666535
170  202506040112  14 0.0276060961166595
180  202506040201  10 0.0404608820031103
193  202506040202  11  0.035925727126898
215  202506040203   2 0.0328974035666535
224  202506040204   4 0.0436866792391401
234  202506040207  16 0.0321412509928718
249  202506040208  11 0.0404608820031103
267  202506040209   4  0.029518701647955
287  202506040210   4 0.0359398190951206
293  202506040211   1 0.0404608820031103
307  202506040212   9 0.0184077958332521
322  202506040301   8  0.035925727126898
331  202506040302   7 0.0405461600160695
344  202506040303   9 0.0404608820031103
360  202506040304   7 0.0404608820031103
371  202506040307  15  0.035925727126898
389  202506040308   3 0.0129911197296593
404  202506040309  11 0.0352817702159424
416  202506040310   1 0.0404608820031103
428  202506040311   4 0.0231504483579851
435  202506040312  11 0.0302776649875613
451  202506040401   1 0.0308915608396105
459  202506040402  11 0.0436866792391401
482  202506040403   4 0.0352817702159424
491  202506040404  11 0.0412108922251246
502  202506040406   3 0.0352817702159424
519  202506040407   2 0.0321412509928718
540  202506040408   3 0.0190063960547665
549  202506040409   7 0.0263564059633982
558  202506040410  13  0.035925727126898
572  202506040411  15 0.0404608820031103
589  202506040412   1 0.0289399597001014
604  202506040501   9 0.0436866792391401
621  202506040502   3 0.0263564059633982
643  202506040503  16 0.0335352181258417
647  202506040504   3 0.0328974035666535
661  202506040507   7 0.0436866792391401
677  202506040508   9 0.0301565162071431
691  202506040509   3 0.0335352181258417
701  202506040510   6 0.0436866792391401
713  202506040511   6 0.0436866792391401
722  202506040512   8 0.0276060961166595
742  202506040601   1 0.0412108922251246
751  202506040602  12 0.0404608820031103
766  202506040603  16 0.0290005083505607
781  202506040606   3 0.0374931070933252
796  202506040607  15 0.0289399597001014
813  202506040608  14 0.0277062775372997
825  202506040609  10 0.0412108922251246
838  202506040610   1 0.0404608820031103
847  202506040611  11 0.0436866792391401
867  202506040612   5  0.029518701647955
878  202506040701   5  0.035925727126898
895  202506040702  15  0.029518701647955
909  202506040703   3 0.0436866792391401
920  202506040706   4  0.032724659253368
937  202506040707  10  0.032724659253368
951  202506040708  12 0.0203687935089646
967  202506040709   3 0.0412108922251246
977  202506040710  12 0.0281042249324778
992  202506040711   4 0.0336618870562981
1002 202506040712  12 0.0404608820031103
1020 202506040801   7 0.0263564059633982
1030 202506040802   2 0.0276060961166595
1046 202506040803  15 0.0436866792391401
1063 202506040806   2 0.0391515243629277
1078 202506040807   3  0.035925727126898
1100 202506040808  11  0.029518701647955
1109 202506040809   9 0.0436866792391401
1118 202506040810   2 0.0263564059633982
1137 202506040811   7 0.0221096915939123
1151 202506040812  15 0.0412108922251246
1167 202506040901  12 0.0340320800626811
1179 202506040902  13 0.0436866792391401
1194 202506040903  12 0.0436866792391401
1213 202506040906  14 0.0227340011990333
1228 202506040907   4 0.0375340767874666
1245 202506040908  13 0.0404608820031103
1258 202506040909   3 0.0225717064101315
1267 202506040910   3 0.0404608820031103
1280 202506040911   7 0.0374325584428659
1296 202506040912  10  0.035925727126898         

レースID  馬番         pred_score
0 202506030809   8 0.0436866792391401         レースID  馬番         pred_score
0 202506030810  15 0.0358651784764387         レースID  馬番         pred_score
0 202506030811  10 0.0366757373489123         レースID  馬番         pred_score
0 202506030812   3 0.0380703730020541         レースID  馬番         pred_score
0 202506040101   5 0.0366757373489123         レースID  馬番         pred_score
0 202506040102   3 0.0436866792391401         レースID  馬番         pred_score
0 202506040103   1 0.0436866792391401         レースID  馬番         pred_score
2 202506040104  14 0.0231504483579851         レースID  馬番         pred_score
0 202506040107   8 0.0307466153397301         レースID  馬番         pred_score
0 202506040108   2 0.0334751145763138         レースID  馬番         pred_score
0 202506040109   8 0.0263564059633982         レースID  馬番         pred_score
0 202506040110   7 0.0308915608396106         レースID  馬番         pred_score
1 202506040111   7 0.0328974035666535         レースID  馬番         pred_score
0 202506040112  14 0.0276060961166595         レースID  馬番         pred_score
0 202506040201  10 0.0404608820031104         レースID  馬番        pred_score
0 202506040202  11 0.035925727126898         レースID  馬番         pred_score
1 202506040203   2 0.0328974035666535         レースID  馬番         pred_score
0 202506040204   4 0.0436866792391401         レースID  馬番         pred_score
0 202506040207  16 0.0321412509928719         レースID  馬番         pred_score
0 202506040208  11 0.0404608820031104         レースID  馬番        pred_score
2 202506040209   4 0.029518701647955         レースID  馬番         pred_score
6 202506040210   4 0.0359398190951206         レースID  馬番         pred_score
0 202506040211   1 0.0321412509928719         レースID  馬番         pred_score
1 202506040212   9 0.0184077958332522         レースID  馬番        pred_score
0 202506040301   8 0.035925727126898         レースID  馬番         pred_score
0 202506040302   7 0.0405461600160695         レースID  馬番         pred_score
0 202506040303   9 0.0404608820031104         レースID  馬番         pred_score
0 202506040304   7 0.0404608820031104         レースID  馬番        pred_score
0 202506040307  15 0.035925727126898         レースID  馬番         pred_score
1 202506040308   3 0.0129911197296594         レースID  馬番         pred_score
0 202506040309  11 0.0352817702159425         レースID  馬番         pred_score
0 202506040310   1 0.0404608820031104         レースID  馬番         pred_score
2 202506040311   4 0.0231504483579851         レースID  馬番         pred_score
0 202506040312  11 0.0302776649875613         レースID  馬番         pred_score
0 202506040401   1 0.0380703730020541         レースID  馬番         pred_score
0 202506040402  11 0.0436866792391401         レースID  馬番         pred_score
0 202506040403   4 0.0352817702159425         レースID  馬番         pred_score
0 202506040404  11 0.0412108922251246         レースID  馬番         pred_score
0 202506040406   3 0.0352817702159425         レースID  馬番         pred_score
0 202506040407   2 0.0321412509928719         レースID  馬番         pred_score
0 202506040408  12 0.0308915608396106         レースID  馬番         pred_score 3
0 202506040409   7 0.0263564059633982         レースID  馬番        pred_score
0 202506040410  13 0.035925727126898         レースID  馬番         pred_score
0 202506040411  15 0.0404608820031104         レースID  馬番         pred_score
0 202506040412   1 0.0289399597001014         レースID  馬番         pred_score
0 202506040501   9 0.0436866792391401         レースID  馬番         pred_score
1 202506040502   3 0.0263564059633982         レースID  馬番         pred_score
0 202506040503  16 0.0305213678332276         レースID  馬番         pred_score
1 202506040504   3 0.0328974035666535         レースID  馬番         pred_score
0 202506040507   7 0.0436866792391401         レースID  馬番         pred_score
2 202506040508   9 0.0301565162071432         レースID  馬番         pred_score
0 202506040509   3 0.0335352181258417         レースID  馬番         pred_score
0 202506040510   6 0.0436866792391401         レースID  馬番         pred_score
0 202506040511   6 0.0436866792391401         レースID  馬番         pred_score
0 202506040512   8 0.0276060961166595         レースID  馬番         pred_score
0 202506040601   1 0.0412108922251246         レースID  馬番         pred_score
0 202506040602  12 0.0404608820031104         レースID  馬番         pred_score
0 202506040603  16 0.0290005083505608         レースID  馬番         pred_score
0 202506040606   3 0.0374931070933253         レースID  馬番         pred_score
2 202506040607  15 0.0289399597001014         レースID  馬番         pred_score
1 202506040608  14 0.0277062775372998         レースID  馬番         pred_score
0 202506040609  10 0.0335352181258417         レースID  馬番         pred_score
0 202506040610   1 0.0436866792391401         レースID  馬番         pred_score
5 202506040611  15 0.0375340767874667         レースID  馬番        pred_score  11
2 202506040612   5 0.029518701647955         レースID  馬番        pred_score
0 202506040701   5 0.035925727126898         レースID  馬番         pred_score
0 202506040702   8 0.0215205207251409         レースID  馬番         pred_score 15
0 202506040703   3 0.0436866792391401         レースID  馬番         pred_score
1 202506040706   4 0.0327246592533681         レースID  馬番         pred_score
1 202506040707  10 0.0327246592533681         レースID  馬番         pred_score
0 202506040708  12 0.0203687935089647         レースID  馬番         pred_score
0 202506040709   3 0.0412108922251246         レースID  馬番         pred_score
1 202506040710  12 0.0281042249324779         レースID  馬番         pred_score
0 202506040711   4 0.0336618870562982         レースID  馬番         pred_score
0 202506040712  12 0.0404608820031104         レースID  馬番         pred_score
0 202506040801   8 0.0215205207251409         レースID  馬番         pred_score 7
0 202506040802   2 0.0276060961166595         レースID  馬番         pred_score
0 202506040803  15 0.0436866792391401         レースID  馬番         pred_score
0 202506040806   2 0.0391515243629278         レースID  馬番        pred_score
0 202506040807   3 0.035925727126898         レースID  馬番        pred_score
2 202506040808  11 0.029518701647955         レースID  馬番         pred_score
0 202506040809   9 0.0436866792391401         レースID  馬番         pred_score
0 202506040810   2 0.0263564059633982         レースID  馬番         pred_score
2 202506040811   7 0.0221096915939124         レースID  馬番         pred_score
0 202506040812  15 0.0412108922251246         レースID  馬番         pred_score
0 202506040901  12 0.0340320800626811         レースID  馬番         pred_score
0 202506040902  13 0.0436866792391401         レースID  馬番         pred_score
0 202506040903  12 0.0436866792391401         レースID  馬番         pred_score
2 202506040906  14 0.0227340011990334         レースID  馬番         pred_score
5 202506040907   4 0.0375340767874667         レースID  馬番         pred_score
0 202506040908  13 0.0404608820031104         レースID  馬番         pred_score
1 202506040909   3 0.0225717064101316         レースID  馬番         pred_score
0 202506040910   3 0.0404608820031104         レースID  馬番         pred_score
0 202506040911   7 0.0374325584428659         レースID  馬番        pred_score
0 202506040912  10 0.035925727126898








##################################################################################


            レースID  馬番         pred_score
1    202506030809   8 0.0326252068470138
14   202506030810  15  0.028623032753722
34   202506030811  11 0.0238879097169766
49   202506030812   3 0.0143305518365611
66   202506040101   5 0.0326252068470138
68   202506040102  10 0.0300225750823479
88   202506040103   1 0.0326252068470138
92   202506040104   6 0.0278441293259952
104  202506040107   8 0.0243919140248385
122  202506040108   2 0.0099105649506263
131  202506040109   8 0.0243919140248385
143  202506040110   8  0.001498693661614
148  202506040111  11 0.0248132015307457
170  202506040112  14 0.0243919140248385
180  202506040201  10 0.0320752480548787
193  202506040202  11 0.0278441293259952
209  202506040203  13 0.0326252068470138
224  202506040204   4 0.0278441293259952
237  202506040207  14 0.0322409310220691
249  202506040208  11 0.0243919140248385
265  202506040209  14 0.0278441293259952
281  202506040210   2 0.0326252068470138
293  202506040211   1 0.0278441293259952
305  202506040212   5 0.0283940881181303
322  202506040301   8 0.0278441293259952
331  202506040302   7  0.028623032753722
345  202506040303   4 0.0185616705654446
360  202506040304   7 0.0278441293259952
371  202506040307  15  0.028623032753722
388  202506040308  13 0.0283940881181303
404  202506040309  11 0.0185616705654446
413  202506040310   6 0.0207558794013568
426  202506040311   6 0.0243919140248385
435  202506040312  11 0.0243919140248385
451  202506040401   1  0.028623032753722
466  202506040402   8 0.0243919140248385
477  202506040403   8 0.0278441293259952
491  202506040404  11 0.0320752480548787
502  202506040406   3 0.0278441293259952
520  202506040407   1 0.0241974621004517
536  202506040408  12 0.0099105649506263
549  202506040409   7 0.0243919140248385
558  202506040410  13 0.0278441293259952
572  202506040411  15 0.0320752480548787
591  202506040412   3 0.0273310670624408
604  202506040501   9 0.0326252068470138
621  202506040502   3 0.0143305518365611
643  202506040503  16 0.0320752480548787
648  202506040504   2 0.0291285171800389
661  202506040507   7 0.0243919140248385
676  202506040508  10 0.0291285171800389
691  202506040509   3 0.0283940881181303
702  202506040510   1 0.0315621857913242
713  202506040511   6 0.0326252068470138
728  202506040512   5 0.0241974621004517
737  202506040601   6 0.0278441293259952
751  202506040602  12  0.028623032753722
767  202506040603  12 0.0254385001363654
781  202506040606   3 0.0320752480548787
791  202506040607   2 0.0300225750823479
814  202506040608   6 0.0243919140248385
826  202506040609  11 0.0285721050983545
838  202506040610   1 0.0326252068470138
847  202506040611  11 0.0141416836795097
862  202506040612  15  0.028623032753722
878  202506040701   5 0.0141416836795097
895  202506040702  15  0.028623032753722
909  202506040703   3 0.0326252068470138
919  202506040706  14 0.0185616705654446
936  202506040707  16 0.0278441293259952
951  202506040708  12 0.0278441293259952
967  202506040709   3 0.0278441293259952
976  202506040710  15 0.0326252068470138
992  202506040711   4 0.0185616705654446
1002 202506040712  12 0.0185616705654446
1019 202506040801   8  0.028623032753722
1030 202506040802   2 0.0283940881181303
1046 202506040803  15 0.0326252068470138
1063 202506040806   2 0.0278441293259952
1078 202506040807   3 0.0320752480548787
1093 202506040808   7 0.0320752480548787
1109 202506040809   9 0.0326252068470138
1118 202506040810   2 0.0243919140248385
1135 202506040811  10 0.0283940881181303
1157 202506040812   4 0.0175055000707567
1170 202506040901   8 0.0273310670624408
1179 202506040902  13 0.0320752480548787
1194 202506040903  12  0.028623032753722
1211 202506040906  11 0.0278441293259952
1231 202506040907   6 0.0291285171800389
1254 202506040908   7 0.0278441293259952
1261 202506040909   7 0.0125951071545898
1267 202506040910   3 0.0243919140248385
1281 202506040911   6 0.0285721050983545
1296 202506040912  10 0.0185616705654446         

レースID  馬番         pred_score
0 202506030809   8 0.0326252068470138         レースID  馬番        pred_score
0 202506030810  15 0.028623032753722         レースID  馬番         pred_score
0 202506030811  10 0.0143305518365612         レースID  馬番         pred_score
0 202506030812   3 0.0143305518365612         レースID  馬番         pred_score
0 202506040101   5 0.0326252068470138         レースID  馬番         pred_score
3 202506040102  10 0.0300225750823479         レースID  馬番         pred_score
0 202506040103   1 0.0326252068470138         レースID  馬番         pred_score
0 202506040104   6 0.0278441293259953         レースID  馬番         pred_score
0 202506040107   8 0.0243919140248386         レースID  馬番         pred_score
0 202506040108   2 0.0099105649506263         レースID  馬番         pred_score
0 202506040109   8 0.0243919140248386         レースID  馬番         pred_score
0 202506040110   7 0.0143305518365612         レースID  馬番         pred_score 8
0 202506040111  11 0.0248132015307457         レースID  馬番         pred_score
0 202506040112  14 0.0243919140248386         レースID  馬番         pred_score
0 202506040201  10 0.0320752480548787         レースID  馬番         pred_score
0 202506040202  11 0.0278441293259953         レースID  馬番         pred_score
0 202506040203  13 0.0326252068470138         レースID  馬番         pred_score
0 202506040204   4 0.0278441293259953         レースID  馬番         pred_score
3 202506040207  14 0.0322409310220691         レースID  馬番         pred_score
0 202506040208  11 0.0243919140248386         レースID  馬番         pred_score
0 202506040209  14 0.0278441293259953         レースID  馬番         pred_score
0 202506040210   2 0.0326252068470138         レースID  馬番        pred_score
0 202506040211   1 0.028623032753722         レースID  馬番         pred_score
0 202506040212   5 0.0283940881181304         レースID  馬番         pred_score
0 202506040301   8 0.0278441293259953         レースID  馬番        pred_score
0 202506040302   7 0.028623032753722         レースID  馬番         pred_score
1 202506040303   4 0.0185616705654446         レースID  馬番         pred_score
3 202506040304  11 0.0157386428888126         レースID  馬番        pred_score 7
0 202506040307  15 0.028623032753722         レースID  馬番         pred_score
0 202506040308  13 0.0283940881181304         レースID  馬番         pred_score
0 202506040309  11 0.0185616705654446         レースID  馬番         pred_score
1 202506040310   6 0.0207558794013568         レースID  馬番         pred_score
0 202506040311   6 0.0243919140248386         レースID  馬番         pred_score
0 202506040312  11 0.0243919140248386         レースID  馬番        pred_score
0 202506040401   1 0.028623032753722         レースID  馬番         pred_score
1 202506040402   8 0.0243919140248386         レースID  馬番         pred_score
1 202506040403   8 0.0278441293259953         レースID  馬番         pred_score
0 202506040404  11 0.0320752480548787         レースID  馬番         pred_score
0 202506040406   3 0.0278441293259953         レースID  馬番         pred_score
1 202506040407   1 0.0241974621004517         レースID  馬番         pred_score
1 202506040408  11 0.0254385001363655         レースID  馬番         pred_score 12
0 202506040409   7 0.0243919140248386         レースID  馬番         pred_score
0 202506040410  13 0.0278441293259953         レースID  馬番        pred_score
0 202506040411  15 0.028623032753722         レースID  馬番         pred_score
2 202506040412   3 0.0273310670624408         レースID  馬番         pred_score
0 202506040501   9 0.0326252068470138         レースID  馬番         pred_score
1 202506040502   3 0.0143305518365612         レースID  馬番        pred_score
0 202506040503  16 0.028623032753722         レースID  馬番        pred_score
2 202506040504   2 0.029128517180039         レースID  馬番         pred_score
0 202506040507   7 0.0099105649506263         レースID  馬番        pred_score
1 202506040508  10 0.029128517180039         レースID  馬番         pred_score
0 202506040509   3 0.0283940881181304         レースID  馬番         pred_score
1 202506040510   1 0.0315621857913243         レースID  馬番         pred_score
0 202506040511   6 0.0326252068470138         レースID  馬番         pred_score
2 202506040512   5 0.0241974621004517         レースID  馬番         pred_score
1 202506040601   6 0.0278441293259953         レースID  馬番        pred_score
0 202506040602  12 0.028623032753722         レースID  馬番         pred_score
1 202506040603  12 0.0254385001363655         レースID  馬番         pred_score
0 202506040606   3 0.0320752480548787         レースID  馬番         pred_score
5 202506040607   2 0.0300225750823479         レースID  馬番         pred_score
0 202506040608   6 0.0243919140248386         レースID  馬番         pred_score
1 202506040609  11 0.0285721050983545         レースID  馬番         pred_score
0 202506040610   1 0.0326252068470138         レースID  馬番         pred_score
0 202506040611  11 0.0141416836795098         レースID  馬番        pred_score
0 202506040612  15 0.028623032753722         レースID  馬番         pred_score
0 202506040701   5 0.0141416836795098         レースID  馬番         pred_score
1 202506040702  15 0.0252735933582713         レースID  馬番         pred_score
0 202506040703   3 0.0326252068470138         レースID  馬番         pred_score
0 202506040706  14 0.0185616705654446         レースID  馬番         pred_score
0 202506040707  16 0.0278441293259953         レースID  馬番         pred_score
0 202506040708  12 0.0278441293259953         レースID  馬番         pred_score
0 202506040709   3 0.0278441293259953         レースID  馬番         pred_score
0 202506040710  15 0.0326252068470138         レースID  馬番         pred_score
0 202506040711   4 0.0185616705654446         レースID  馬番         pred_score
0 202506040712  12 0.0185616705654446         レースID  馬番        pred_score
2 202506040801  11 0.029128517180039         レースID  馬番         pred_score 11
0 202506040802   2 0.0283940881181304         レースID  馬番         pred_score
0 202506040803  15 0.0326252068470138         レースID  馬番         pred_score
0 202506040806   2 0.0278441293259953         レースID  馬番         pred_score
0 202506040807   3 0.0320752480548787         レースID  馬番         pred_score
0 202506040808   7 0.0320752480548787         レースID  馬番         pred_score
0 202506040809   9 0.0326252068470138         レースID  馬番         pred_score
0 202506040810   2 0.0243919140248386         レースID  馬番         pred_score
0 202506040811  10 0.0283940881181304         レースID  馬番         pred_score
1 202506040812   4 0.0175055000707567         レースID  馬番         pred_score
3 202506040901   8 0.0273310670624408         レースID  馬番         pred_score
0 202506040902  13 0.0320752480548787         レースID  馬番        pred_score
0 202506040903  12 0.028623032753722         レースID  馬番         pred_score
0 202506040906  11 0.0278441293259953         レースID  馬番        pred_score
2 202506040907   6 0.029128517180039         レースID  馬番         pred_score
1 202506040908   7 0.0278441293259953         レースID  馬番         pred_score
2 202506040909   7 0.0125951071545898         レースID  馬番         pred_score
0 202506040910   3 0.0243919140248386         レースID  馬番         pred_score
0 202506040911   7 0.0141416836795098         レースID  馬番         pred_score 6
0 202506040912  10 0.0185616705654446




####################################################################################


            レースID  馬番         pred_score
1    202506030809   8 0.0478399171916235
14   202506030810  15 0.0511558616311975
36   202506030811  16 0.0511558616311975
49   202506030812   3 0.0478399171916235
66   202506040101   5 0.0801074955824355
70   202506040102   3 0.0801074955824355
88   202506040103   1 0.0801074955824355
92   202506040104   6 0.0801074955824355
104  202506040107   8 0.0478399171916235
122  202506040108   2 0.0188882832403855
131  202506040109   8 0.0511558616311975
143  202506040110   8 0.0478399171916235
150  202506040111   4 0.0511558616311975
170  202506040112  14 0.0801074955824355
180  202506040201  10 0.0511558616311975
193  202506040202  11 0.0801074955824355
209  202506040203  13 0.0801074955824355
224  202506040204   4 0.0801074955824355
234  202506040207  16 0.0478399171916235
249  202506040208  11 0.0801074955824355
265  202506040209  14 0.0801074955824355
282  202506040210   6 0.0801074955824355
295  202506040211   4 0.0511558616311975
305  202506040212   5 0.0801074955824355
325  202506040301  11 0.0511558616311975
331  202506040302   7 0.0801074955824355
344  202506040303   9 0.0801074955824355
360  202506040304   7 0.0511558616311975
371  202506040307  15 0.0478399171916235
389  202506040308  11 0.0511558616311975
404  202506040309  11 0.0478399171916235
413  202506040310   6 0.0511558616311975
426  202506040311   6 0.0801074955824355
435  202506040312  11 0.0801074955824355
451  202506040401   1 0.0478399171916235
459  202506040402  11 0.0801074955824355
482  202506040403   4 0.0511558616311975
492  202506040404   8 0.0511558616311975
502  202506040406   3 0.0801074955824355
519  202506040407   2 0.0511558616311975
536  202506040408  12 0.0188882832403855
552  202506040409   2 0.0478399171916235
558  202506040410  13 0.0801074955824355
572  202506040411  15 0.0801074955824355
589  202506040412   1 0.0801074955824355
604  202506040501   9 0.0801074955824355
621  202506040502   3 0.0511558616311975
629  202506040503   9 0.0801074955824355
646  202506040504  13 0.0478399171916235
667  202506040507  11 0.0668475577029202
681  202506040508   3 0.0801074955824355
691  202506040509   3 0.0801074955824355
701  202506040510   6 0.0801074955824355
711  202506040511   9 0.0188882832403855
722  202506040512   8 0.0511558616311975
737  202506040601   6 0.0511558616311975
751  202506040602  12 0.0801074955824355
766  202506040603  16 0.0511558616311975
781  202506040606   3 0.0668475577029202
798  202506040607   8 0.0801074955824355
813  202506040608  14 0.0801074955824355
826  202506040609  11 0.0478399171916235
838  202506040610   1 0.0511558616311975
847  202506040611  11 0.0801074955824355
862  202506040612  15 0.0478399171916235
878  202506040701   5 0.0478399171916235
894  202506040702   8 0.0801074955824355
909  202506040703   3 0.0801074955824355
919  202506040706  14 0.0668475577029202
936  202506040707  16 0.0801074955824355
952  202506040708  10 0.0511558616311975
967  202506040709   3 0.0478399171916235
976  202506040710  15 0.0801074955824355
992  202506040711   4 0.0478399171916235
1002 202506040712  12 0.0478399171916235
1019 202506040801   8 0.0478399171916235
1030 202506040802   2 0.0801074955824355
1046 202506040803  15 0.0801074955824355
1064 202506040806  12 0.0801074955824355
1078 202506040807   3 0.0668475577029202
1093 202506040808   7 0.0801074955824355
1109 202506040809   9 0.0801074955824355
1118 202506040810   2 0.0801074955824355
1135 202506040811  10 0.0188882832403855
1151 202506040812  15 0.0801074955824355
1167 202506040901  12 0.0188882832403855
1179 202506040902  13 0.0801074955824355
1194 202506040903  12 0.0801074955824355
1212 202506040906   8 0.0511558616311975
1233 202506040907   5 0.0801074955824355
1245 202506040908  13 0.0801074955824355
1258 202506040909   3 0.0511558616311975
1267 202506040910   3 0.0511558616311975
1280 202506040911   7 0.0801074955824355
1296 202506040912  10 0.0801074955824355         

レースID  馬番         pred_score
0 202506030809   8 0.0478399171916236         レースID  馬番         pred_score
0 202506030810  15 0.0511558616311975         レースID  馬番         pred_score
1 202506030811  16 0.0511558616311975         レースID  馬番         pred_score
0 202506030812   3 0.0478399171916236         レースID  馬番         pred_score
0 202506040101   5 0.0801074955824356         レースID  馬番         pred_score
0 202506040102   3 0.0801074955824356         レースID  馬番         pred_score
0 202506040103   1 0.0801074955824356         レースID  馬番         pred_score
0 202506040104   6 0.0801074955824356         レースID  馬番         pred_score
0 202506040107   8 0.0478399171916236         レースID  馬番         pred_score
0 202506040108   2 0.0188882832403855         レースID  馬番         pred_score
0 202506040109   8 0.0511558616311975         レースID  馬番         pred_score
1 202506040110   8 0.0478399171916236         レースID  馬番         pred_score
2 202506040111   4 0.0511558616311975         レースID  馬番         pred_score
0 202506040112  14 0.0801074955824356         レースID  馬番         pred_score
0 202506040201  10 0.0511558616311975         レースID  馬番         pred_score
0 202506040202  11 0.0801074955824356         レースID  馬番         pred_score
0 202506040203  13 0.0801074955824356         レースID  馬番         pred_score
0 202506040204   4 0.0801074955824356         レースID  馬番         pred_score
0 202506040207  16 0.0478399171916236         レースID  馬番         pred_score
0 202506040208  11 0.0801074955824356         レースID  馬番         pred_score
0 202506040209  14 0.0801074955824356         レースID  馬番         pred_score
1 202506040210   6 0.0801074955824356         レースID  馬番         pred_score
2 202506040211   5 0.0511558616311975         レースID  馬番         pred_score 4
0 202506040212   5 0.0801074955824356         レースID  馬番         pred_score
2 202506040301  11 0.0511558616311975         レースID  馬番         pred_score
0 202506040302   7 0.0801074955824356         レースID  馬番         pred_score
0 202506040303   9 0.0801074955824356         レースID  馬番         pred_score
0 202506040304   7 0.0511558616311975         レースID  馬番         pred_score
0 202506040307  15 0.0478399171916236         レースID  馬番         pred_score
1 202506040308  11 0.0511558616311975         レースID  馬番         pred_score
0 202506040309  11 0.0478399171916236         レースID  馬番         pred_score
1 202506040310   6 0.0511558616311975         レースID  馬番         pred_score
0 202506040311   6 0.0801074955824356         レースID  馬番         pred_score
0 202506040312  11 0.0801074955824356         レースID  馬番         pred_score
0 202506040401   1 0.0478399171916236         レースID  馬番         pred_score
0 202506040402  11 0.0801074955824356         レースID  馬番         pred_score
0 202506040403   4 0.0511558616311975         レースID  馬番         pred_score
1 202506040404   8 0.0511558616311975         レースID  馬番         pred_score
0 202506040406   3 0.0801074955824356         レースID  馬番         pred_score
0 202506040407   2 0.0511558616311975         レースID  馬番         pred_score
0 202506040408  12 0.0478399171916236         レースID  馬番         pred_score
2 202506040409   2 0.0478399171916236         レースID  馬番         pred_score
0 202506040410  13 0.0801074955824356         レースID  馬番         pred_score
0 202506040411  15 0.0801074955824356         レースID  馬番         pred_score
0 202506040412   1 0.0801074955824356         レースID  馬番         pred_score
0 202506040501   9 0.0801074955824356         レースID  馬番         pred_score
1 202506040502   3 0.0511558616311975         レースID  馬番         pred_score
1 202506040503   9 0.0801074955824356         レースID  馬番         pred_score
0 202506040504  13 0.0478399171916236         レースID  馬番         pred_score
0 202506040507   7 0.0511558616311975         レースID  馬番         pred_score 11
0 202506040508   3 0.0801074955824356         レースID  馬番         pred_score
0 202506040509   3 0.0801074955824356         レースID  馬番         pred_score
0 202506040510   6 0.0801074955824356         レースID  馬番         pred_score
0 202506040511   6 0.0188882832403855         レースID  馬番         pred_score 9
0 202506040512   8 0.0511558616311975         レースID  馬番         pred_score
0 202506040601   1 0.0511558616311975         レースID  馬番         pred_score 6
0 202506040602  12 0.0801074955824356         レースID  馬番         pred_score
0 202506040603  16 0.0511558616311975         レースID  馬番         pred_score
0 202506040606   3 0.0668475577029202         レースID  馬番         pred_score
0 202506040607   8 0.0801074955824356         レースID  馬番         pred_score
1 202506040608  14 0.0801074955824356         レースID  馬番         pred_score
1 202506040609  11 0.0478399171916236         レースID  馬番         pred_score
0 202506040610   1 0.0511558616311975         レースID  馬番         pred_score
0 202506040611  11 0.0801074955824356         レースID  馬番         pred_score
0 202506040612  15 0.0478399171916236         レースID  馬番         pred_score
0 202506040701   5 0.0478399171916236         レースID  馬番         pred_score
0 202506040702   8 0.0801074955824356         レースID  馬番         pred_score
0 202506040703   3 0.0801074955824356         レースID  馬番         pred_score
0 202506040706  14 0.0668475577029202         レースID  馬番         pred_score
0 202506040707  16 0.0801074955824356         レースID  馬番         pred_score
1 202506040708  10 0.0511558616311975         レースID  馬番         pred_score
0 202506040709   3 0.0478399171916236         レースID  馬番         pred_score
0 202506040710  15 0.0801074955824356         レースID  馬番         pred_score
0 202506040711   4 0.0478399171916236         レースID  馬番         pred_score
0 202506040712  12 0.0478399171916236         レースID  馬番         pred_score
0 202506040801   8 0.0478399171916236         レースID  馬番         pred_score
0 202506040802   2 0.0801074955824356         レースID  馬番         pred_score
0 202506040803  15 0.0801074955824356         レースID  馬番         pred_score
1 202506040806  12 0.0801074955824356         レースID  馬番         pred_score
0 202506040807   3 0.0668475577029202         レースID  馬番         pred_score
0 202506040808   7 0.0801074955824356         レースID  馬番         pred_score
0 202506040809   9 0.0801074955824356         レースID  馬番         pred_score
0 202506040810   2 0.0801074955824356         レースID  馬番         pred_score
0 202506040811  10 0.0188882832403855         レースID  馬番         pred_score
0 202506040812  15 0.0801074955824356         レースID  馬番         pred_score
0 202506040901  12 0.0188882832403855         レースID  馬番         pred_score
0 202506040902  13 0.0801074955824356         レースID  馬番         pred_score
0 202506040903  12 0.0801074955824356         レースID  馬番         pred_score
1 202506040906   8 0.0511558616311975         レースID  馬番         pred_score
0 202506040907   5 0.0801074955824356         レースID  馬番         pred_score
0 202506040908  13 0.0801074955824356         レースID  馬番         pred_score
1 202506040909   3 0.0511558616311975         レースID  馬番         pred_score
0 202506040910   3 0.0511558616311975         レースID  馬番         pred_score
0 202506040911   7 0.0801074955824356         レースID  馬番         pred_score
0 202506040912  10 0.0801074955824356
#####################################################################################


            レースID  馬番          pred_score
1    202506030809   8  0.4739430382674049
17   202506030810  11  0.2173485411895572
34   202506030811  11  0.1619639503566652
49   202506030812   3  0.5618165644993769
66   202506040101   5  0.4739430382674049
70   202506040102   3  0.6396444063767485
88   202506040103   1  0.4886161789505372
92   202506040104   6  0.6396444063767485
109  202506040107   3  0.2050570526786043
122  202506040108   2  0.2056101716679551
131  202506040109   8   0.226431318476287
143  202506040110   8  0.2830774941076751
148  202506040111  11  0.4570580382310621
170  202506040112  14  0.1661041459496799
180  202506040201  10  0.1949850604954657
193  202506040202  11  0.6396444063767485
209  202506040203  13  0.4475429091717081
225  202506040204   6  0.2799339339594667
235  202506040207   9  0.3616449747556415
249  202506040208  11  0.6396444063767485
266  202506040209  15  0.4846063957667671
282  202506040210   6   0.384599643262543
293  202506040211   1  0.2830774941076751
305  202506040212   5  0.6396444063767485
322  202506040301   8  0.3398578550915711
331  202506040302   7  0.3290416696211532
344  202506040303   9  0.4475429091717081
361  202506040304  13  0.1126527325956026
378  202506040307  13  0.4570580382310621
388  202506040308  13  0.2653975418444856
404  202506040309  11  0.3064708116233147
416  202506040310   1  0.3398578550915711
426  202506040311   6  0.4475429091717081
435  202506040312  11  0.6396444063767485
451  202506040401   1  0.2405644591967654
459  202506040402  11  0.6396444063767485
477  202506040403   8  0.1762770917029861
492  202506040404   8   0.226431318476287
502  202506040406   3  0.4475429091717081
519  202506040407   2   0.238600296042907
536  202506040408  12  0.1916244537380695
549  202506040409   7  0.4101460825196816
558  202506040410  13  0.6396444063767485
572  202506040411  15  0.4475429091717081
589  202506040412   1  0.3290416696211532
604  202506040501   9  0.6396444063767485
620  202506040502   4  0.4893581695308577
629  202506040503   9  0.2405644591967654
646  202506040504  13  0.2113927697493409
667  202506040507  11  0.3398578550915711
681  202506040508   3   0.463126852796987
691  202506040509   3  0.2405644591967654
701  202506040510   6  0.4475429091717081
713  202506040511   6  0.0834219965356939
722  202506040512   8  0.3242669330095779
737  202506040601   6  0.1949850604954657
752  202506040602   2  0.4475429091717081
766  202506040603  16  0.2252731726014387
781  202506040606   3  0.4739430382674049
797  202506040607   5  0.3850959264892658
813  202506040608  14  0.2405644591967654
826  202506040609  11  0.3398578550915711
839  202506040610   2  0.1762770917029861
848  202506040611   4  0.3421324236249679
862  202506040612  15  0.2405644591967654
878  202506040701   5   0.463126852796987
894  202506040702   8  0.3398578550915711
909  202506040703   3  0.6396444063767485
919  202506040706  14  0.4739430382674049
936  202506040707  16  0.3701149393999823
951  202506040708  12  0.4570580382310621
967  202506040709   3  0.2086171808605896
976  202506040710  15  0.4475429091717081
992  202506040711   4  0.3398578550915711
1002 202506040712  12  0.5618165644993769
1019 202506040801   8   0.463126852796987
1030 202506040802   2  0.4475429091717081
1046 202506040803  15  0.6396444063767485
1064 202506040806  12  0.5138886656534365
1078 202506040807   3  0.5572055256979516
1093 202506040808   7   0.581628092347542
1109 202506040809   9  0.6396444063767485
1118 202506040810   2  0.4475429091717081
1137 202506040811   7   0.297161018311848
1151 202506040812  15  0.4475429091717081
1167 202506040901  12  0.1519257967442472
1179 202506040902  13  0.6396444063767485
1194 202506040903  12  0.4886161789505372
1218 202506040906   5 -0.0043259672494783
1233 202506040907   5  0.4475429091717081
1245 202506040908  13  0.5055592232009147
1258 202506040909   3  0.2660847669851551
1269 202506040910  11  0.2187443113405612
1280 202506040911   7  0.2405644591967654
1296 202506040912  10  0.4475429091717081         

レースID  馬番         pred_score
0 202506030809   8 0.4739430382674049         レースID  馬番         pred_score
4 202506030810  11 0.2173485411895573         レースID  馬番         pred_score
2 202506030811  11 0.1619639503566653         レースID  馬番         pred_score
0 202506030812   3 0.5618165644993769         レースID  馬番         pred_score
0 202506040101   5 0.4739430382674049         レースID  馬番         pred_score
0 202506040102   3 0.6396444063767485         レースID  馬番         pred_score
0 202506040103   1 0.4886161789505372         レースID  馬番         pred_score
0 202506040104   6 0.6396444063767485         レースID  馬番         pred_score
2 202506040107   3 0.2050570526786044         レースID  馬番         pred_score
0 202506040108   2 0.2056101716679551         レースID  馬番         pred_score
0 202506040109   8 0.2264313184762871         レースID  馬番         pred_score
1 202506040110   8 0.2830774941076751         レースID  馬番         pred_score
0 202506040111  11 0.4570580382310621         レースID  馬番       pred_score
0 202506040112  14 0.16610414594968         レースID  馬番         pred_score
0 202506040201  10 0.1949850604954658         レースID  馬番         pred_score
0 202506040202  11 0.6396444063767485         レースID  馬番         pred_score
0 202506040203  13 0.4475429091717081         レースID  馬番         pred_score
1 202506040204   6 0.2799339339594668         レースID  馬番         pred_score
1 202506040207   9 0.3616449747556415         レースID  馬番         pred_score
0 202506040208  11 0.6396444063767485         レースID  馬番         pred_score
1 202506040209  15 0.4846063957667671         レースID  馬番        pred_score
1 202506040210   6 0.384599643262543         レースID  馬番         pred_score
0 202506040211   1 0.2539058046602506         レースID  馬番         pred_score
0 202506040212   5 0.6396444063767485         レースID  馬番         pred_score
0 202506040301   8 0.3398578550915711         レースID  馬番         pred_score
0 202506040302   7 0.3290416696211532         レースID  馬番         pred_score
0 202506040303   9 0.4475429091717081         レースID  馬番         pred_score
1 202506040304  13 0.1126527325956026         レースID  馬番         pred_score
1 202506040307  13 0.4570580382310621         レースID  馬番         pred_score
0 202506040308  13 0.2653975418444856         レースID  馬番         pred_score
0 202506040309  11 0.3064708116233147         レースID  馬番         pred_score
0 202506040310   1 0.3398578550915711         レースID  馬番         pred_score
0 202506040311   6 0.4475429091717081         レースID  馬番         pred_score
0 202506040312  11 0.6396444063767485         レースID  馬番         pred_score
0 202506040401   1 0.2405644591967654         レースID  馬番         pred_score
0 202506040402  11 0.6396444063767485         レースID  馬番         pred_score
1 202506040403   8 0.1762770917029862         レースID  馬番         pred_score
1 202506040404   8 0.2264313184762871         レースID  馬番         pred_score
0 202506040406   3 0.4475429091717081         レースID  馬番        pred_score
0 202506040407   2 0.238600296042907         レースID  馬番         pred_score
0 202506040408  12 0.4570580382310621         レースID  馬番         pred_score
0 202506040409   7 0.4101460825196817         レースID  馬番         pred_score
0 202506040410  13 0.6396444063767485         レースID  馬番         pred_score
0 202506040411  15 0.4475429091717081         レースID  馬番         pred_score
0 202506040412   1 0.3290416696211532         レースID  馬番         pred_score
0 202506040501   9 0.6396444063767485         レースID  馬番         pred_score
0 202506040502   4 0.4893581695308578         レースID  馬番         pred_score
1 202506040503   9 0.4475429091717081         レースID  馬番         pred_score
0 202506040504  13 0.2113927697493409         レースID  馬番        pred_score
0 202506040507   7 0.156594473006715         レースID  馬番         pred_score 11
0 202506040508   3 0.4631268527969871         レースID  馬番         pred_score
0 202506040509   3 0.2405644591967654         レースID  馬番         pred_score
0 202506040510   6 0.4475429091717081         レースID  馬番        pred_score
0 202506040511   6 0.083421996535694         レースID  馬番         pred_score
0 202506040512   8 0.3242669330095779         レースID  馬番         pred_score
1 202506040601   6 0.1949850604954658         レースID  馬番         pred_score
1 202506040602   2 0.4475429091717081         レースID  馬番         pred_score
0 202506040603  16 0.2252731726014388         レースID  馬番         pred_score
0 202506040606   3 0.4739430382674049         レースID  馬番         pred_score
1 202506040607   5 0.3850959264892658         レースID  馬番         pred_score
1 202506040608  14 0.2405644591967654         レースID  馬番         pred_score
1 202506040609  11 0.3398578550915711         レースID  馬番         pred_score
1 202506040610   2 0.1762770917029862         レースID  馬番         pred_score
2 202506040611   4 0.3421324236249679         レースID  馬番         pred_score
0 202506040612  15 0.2113927697493409         レースID  馬番         pred_score
0 202506040701   5 0.4631268527969871         レースID  馬番         pred_score
0 202506040702   8 0.4475429091717081         レースID  馬番         pred_score
0 202506040703   3 0.6396444063767485         レースID  馬番         pred_score
0 202506040706  14 0.3660741257165949         レースID  馬番         pred_score
0 202506040707  16 0.3701149393999823         レースID  馬番         pred_score
0 202506040708  12 0.4570580382310621         レースID  馬番         pred_score
0 202506040709   3 0.2086171808605897         レースID  馬番         pred_score
0 202506040710  15 0.4475429091717081         レースID  馬番         pred_score
0 202506040711   4 0.3398578550915711         レースID  馬番         pred_score
0 202506040712  12 0.5618165644993769         レースID  馬番         pred_score
0 202506040801   8 0.4631268527969871         レースID  馬番         pred_score
0 202506040802   2 0.4475429091717081         レースID  馬番         pred_score
0 202506040803  15 0.6396444063767485         レースID  馬番         pred_score
1 202506040806  12 0.5138886656534365         レースID  馬番         pred_score
0 202506040807   3 0.5572055256979516         レースID  馬番        pred_score
0 202506040808   7 0.581628092347542         レースID  馬番         pred_score
0 202506040809   9 0.6396444063767485         レースID  馬番         pred_score
0 202506040810   2 0.4475429091717081         レースID  馬番        pred_score
2 202506040811   7 0.297161018311848         レースID  馬番         pred_score
0 202506040812  15 0.4475429091717081         レースID  馬番         pred_score
0 202506040901  12 0.1519257967442472         レースID  馬番         pred_score
0 202506040902  13 0.6396444063767485         レースID  馬番         pred_score
0 202506040903  12 0.4886161789505372         レースID  馬番          pred_score
8 202506040906   5 -0.0043259672494783         レースID  馬番         pred_score
0 202506040907   5 0.4475429091717081         レースID  馬番         pred_score
0 202506040908  13 0.3290416696211532         レースID  馬番         pred_score
1 202506040909   3 0.2660847669851551         レースID  馬番         pred_score
2 202506040910  11 0.2187443113405612         レースID  馬番         pred_score
0 202506040911   7 0.2405644591967654         レースID  馬番         pred_score
0 202506040912  10 0.4475429091717081